
****
CGPoints for [5, 10, 2, 0, 4]: {
(92.3734588623047, 120.570678710938)
(188.589889526367, 119.385620117188)
(143.827423095703, 234.176818847656)
(84.4936981201172, 178.458999633789)
(198.202346801758, 177.156967163086)
}
 

****
CGPoints for [5, 10, 2, 0, 4]: {
(89.0406951904297, 119.489280700684)
(185.977493286133, 117.473083496094)
(141.539794921875, 233.440353393555)
(80.4662170410156, 177.118865966797)
(197.052978515625, 174.387008666992)
}
 

****
CGPoints for [5, 10, 2, 0, 4]: {
(87.6495132446289, 119.480094909668)
(185.403778076172, 118.39771270752)
(140.376754760742, 233.891342163086)
(80.1987380981445, 177.218734741211)
(196.640060424805, 175.813385009766)
}
 

****
CGPoints for [5, 10, 2, 0, 4]: {
(88.6901321411133, 119.384368896484)
(186.331832885742, 118.053123474121)
(141.366561889648, 233.175827026367)
(81.2496948242188, 177.306076049805)
(197.249694824219, 175.773803710938)
}


****
CGPoints for [5, 10, 2, 0, 4]: {
(88.5556030273438, 118.099975585938)
(186.791870117188, 116.892715454102)
(141.157302856445, 232.125534057617)
(81.0744476318359, 176.200454711914)
(197.570526123047, 174.777603149414)
}
 

****
CGPoints for [5, 10, 2, 0, 4]: {
(88.1780776977539, 117.74528503418)
(185.415222167969, 116.455871582031)
(141.076782226562, 231.670669555664)
(80.9353179931641, 175.98307800293)
(196.783935546875, 174.265350341797)
}
 

****
CGPoints for [5, 10, 2, 0, 4]: {
(84.8580932617188, 117.779472351074)
(182.425155639648, 113.678344726562)
(139.009918212891, 230.833145141602)
(78.0660705566406, 176.084594726562)
(194.476364135742, 171.519668579102)
}


****
CGPoints for [5, 10, 2, 0, 4]: {
(98.9530715942383, 114.748626708984)
(197.341110229492, 113.873474121094)
(149.822494506836, 231.573532104492)
(92.137580871582, 173.481109619141)
(206.878387451172, 174.268142700195)
}
 

****
CGPoints for [5, 10, 2, 0, 4]: {
(97.2843551635742, 115.40503692627)
(196.71760559082, 114.479026794434)
(148.570785522461, 231.681594848633)
(89.4828720092773, 172.360961914062)
(206.423065185547, 172.507110595703)
}


****
CGPoints for [5, 10, 2, 0, 4]: {
(94.1030654907227, 135.308135986328)
(194.969543457031, 129.245513916016)
(149.217956542969, 254.815765380859)
(88.5210494995117, 191.81428527832)
(206.194000244141, 186.213500976562)
}
 

****
CGPoints for [5, 10, 2, 0, 4]: {
(93.7922897338867, 134.962036132812)
(193.339660644531, 130.146179199219)
(149.238861083984, 253.746368408203)
(88.6215591430664, 191.462677001953)
(204.375625610352, 186.526840209961)
}
 

****
CGPoints for [5, 10, 2, 0, 4]: {
(94.4359283447266, 134.196548461914)
(194.169342041016, 130.011688232422)
(148.836242675781, 254.380783081055)
(88.7622756958008, 190.23893737793)
(205.198455810547, 186.938629150391)
}
 

****
CGPoints for [5, 10, 2, 0, 4]: {
(93.5814971923828, 139.727813720703)
(192.02978515625, 135.233734130859)
(145.961776733398, 262.862487792969)
(89.2100448608398, 198.845901489258)
(205.32746887207, 196.196029663086)
}
